00111000000000000000000000000000000000000000000000000000001110000000000000000000000000000000111000000000000000000000000000000000000000000000
00101000011100000000000000000000000000000111000000001110001010000000000000000000000000000000101000000000000000000000000001110000000000000000
00111000010100000000000000000000000000000101000000001010001110000000000000000000000000000000111000000000000000000000000001010000001110000000
00000000011100000000111000000000000000000111011100001110000000000000000000000000000000011100000000000000000000000000000001110011101010000000
00111000000000000000101000000000000000000000010100000000000000000000000000000000000000010100000000000000000000000000000000000010101110111000
00101000000111000000111000000001110000000000011100000000011100000000000000000000011101111100000000000000000000000000000000000011100000101000
00111000000101000000000000000001010000000000000000000000010100000000000000000000010101010000000000000000000000000000000011100000001110111000
00000000000111000000000111000001110000000000000000000000011100000000001110000000011101110111000000000000000000000000000010100000001010000000
00000000000000000000000101000000000000000000000000000000000000000000001010000000000000000101000000000000011100001110000011100000001110000000
00000000000000111000000111000011101110000000000000000000000000000000001110011100000000000111000000011100010100001010000000000001110000000000
00000000000000101000000000000010101010000000000000000000000000000000000000010100000000000000000000010100011100001110000000000001010000000000
00000111000000111000000000000011101110011100000000000000000000000000000000011100000000000000000011111100000000000000000000000001110011100000
00000101001110000000000000000000000000010100000000000000000000000000000000000000000000000000000010100000000000000001110000000000000010100000
00000111001010000000000000000000000000011100000000000000000000000000000000000000000000000000000011100001110000000001010000000000000011100000
00000000001110000111000000000000000000000000000000000000000000000000000000000000011100000000000000011101010000000001110000000000000000000000
00000000000000000101000000000000000000000000000000000000000000000011100000000000010100000000000000010101110000000000000000000000000000000000
00000000000001110111000000000000000000000000000000000111000000000010111100000000011100000000000000011100000000000000000000000000000000000000
00000000000001010000000000000000000000000000000000000101000000000011110100000000000000000000000000000000001110000000000000000000000000000000
00000000000001110000000000000000000000000000000000000111000000000000011100000000000011100000111000000000001010000000000000111000000000000000
00000000000000000111000000000000000000000000000000000000000000000000000000000000000010100000101111000000001110000000000000101000000011100000
00000000000000000101000000000011100000000000011100000000000000000000000000000000000011100000111101000111000000000000000000111000000010100000
00000000000000000111000000000010100000000000010100000000000000000000000000000000000011100000000111000101000000000000000000000000000011100000
00000000001110000000000000000011100000011100011100000000011100000000001110000000000010100000000000000111000000000000000000000000000000000000
00000000001010000000000000000000000000010100000000000000010100000000001010000000000011100000000000000000000000000000000000000000000000000000
00000000001110000000000000000000000000011100011100000000011100000000001110000000000000000000000000000000000000000000000000000000000000000000
00000000000000000000000000000000000000000000010100000111000000000000000111000000000000000000000000000000000000000000000000000000000000000000
00000000000000000000011100011100000000001110011100000101000000000000000101000000000000000000000000111000000000000000000000000000000000000000
00000000000000000000010100010100000000001010000000000111000001110000000111000000000011100000000000101000000000000000000000000011100000000000
00000000000000000000011100011100000000001110000000000000000001010000000000000000000010100000000000111000000000000000000000000010100000000000
00000000000000111000000000000000000000000000000000000000000001110000000000000000000011100000000000000000000000000000000000000011100000000000
00000000000000101000000000000000000000000011100000000000001110000000000000000000000000000000000000000000000000000000000000000000000000000000
00000000011100111000000000000111000111000010100000000001111010000000000000000000000000000000000001110000000111000000000000000000000000000000
00000000010100000000000000111101000101000011100000000001011110000000000000000000000000000000000001010000000101000000000000000000000000000000
00000000011100000000000000101111000111000000000000000001110000000000000000000000000000000000000001110001110111000000001110000000000000000000
00000000000000000000011100111000000000000000000000000000000000001110000000000000001110000000000000000001010000000000001010000000000000000000
00000000000000000000010100000000000000000000000000000000000000001010000000000000001010000000000000000001110000000001111110000000000000000000
00000111000000000000011100000000000000000000000111000000000000001110000000000000001110000000000000000000000000000001010000000000000000000000
00000101000000000000000000000000000000000000000101000000000000000000000000111000000000000000000000000000000000000001110111000000000000000000
00000111000000000000000000000000111000000000000111000000000000000000000000101000000000000000000000000000000000011100000101000000000000000000
00000000000000000000000011100000101000000000000000000000000000000000011100111000000000001110000000000000000000010100000111000000000000000000
00000000000000000000000010100000111000000000000000000000000000000000010100000111000000001010011100000000000000011100000000000011100000000000
00000000000000000000000011100000000000000000000000000000000000000000011100000101000000001110010100000000000000000000000000000010100000011100
00000000000000000000000000111000000011100000000000000000000111000000000000000111000000000000011100000000000000000000000000000011111000010100
00000000000000000000000000101000000010100000000000000000000101000000000001110000011100000000000000000000000000000000000000000000101000011100
00000000001110000000000000111000000011100000000000011100000111001110000001010000010100000000000000000000000000000000000000000000111000000000
00000000001010000000000000001110000000000000000000010100000000001010000001110000011100000000000000000000000000000000000000000000000000000000
00000000001111110000011100001010000000000000000000011100000000001110000000001110000000000000000000000000000011100000000000000000000000011100
00000000000001010000010100001110000000000000000000000000000000000000000000001010000000001110000000000000000010111100000000000000001110010100
00000000000001110000011100000000000000000000000000000000000000000000000000001111100000001010000000000000000011110100000000000000001010011100
00000000000000000000000000000000000000000000000000000000000000000000000000000010100000001110000000000000000000011100000000000001111110000000
00000000000000000000000000000000000011100000000000011100000000000000000000000011100000000000011100000000000000000000000001110001010000000000
00000000000000000000000000000000000010100000011100010100000000000000000000000000000000000000010100000000000000000000000001010001110000011100
00000000000000000000111000000000000011100000010100011100000000000000000000000000000000000000011100000000000111000000000001110000000111010100
00000000000000000000101000000000000000000000011100000000000000000000000000001110000000000000000000000000000101000000000000000000000101011100
00000000001110000000111000000000000000000000000000000000000000000000000000001010000000000000000000000000000111000000000000000000000111000000
00000000001010000000000000000000000000000000000000000000000000000000000000001110011100000000000000000000000001110000001110000000000000000000
00000000001111000000000000000000000000000000000000000000000000000000000000111000010100000000000000000000000001010000001010111000000000000000
00000000000101000000000000000000000001110000000000000000000000000000000000101000011110000000000000000000000001110000001110101000000111000000
00000000000111000000000000000001110001010000000000000000000000000000000000111000001010000000000000000000000000000000000000111000000101000000
00000000000001110000000000000001010001110000000000000000000000000000000000011100001110000000000000000000000000000000000000000000000111000000
00000000000001010000000000000111110000000000000000000000000000000000000000010100000000000000000000000000000000000000000011100000000000000000
00000000000001110000000000000101000000000000000000000000000000000000000011111100000000000000000000000000000011100000000010100000000000000000
00000000011100000000000000000111000000000000000000000000111000000000000010100000000000000000000000000011100010100000000011111100000001110000
00000000010100000000000000000000000000000000000000000000101000000000000011100000000000000000011100000010100011100000000000010100000001010000
00000000011100111000000000000000000000000000000000000000111000000000000000000000000000000000010100000011100111000000000000011100000001110000
00000000000000101000000000000000000000000000000011100000001110000000000000000000000000000000011100000111000101000000000000000000000000000000
00000111000000111000000000000000000000001110000010100000001010000000000000000000000000000000000000000101000111000000000000000000000000000000
00000101000000000000111000000000000000001010000011100000001110000000000000000000000000000000000000001111000000000000000000000000000000000000
00000111000111000000101000000000000111001110000000000000000000000000000000001110000000000000000000001010000000000000000000000000000000000000
00000000000101000000111000000000000101000000000000000000000000000000001110001010000000000000000000001110000000000111000000000000000000000000
00000000000111111000000000000000000111000000000000111000000000000000001010001110000000011100000000000000000000000101000000000000000000000000
00000000000000101000000000000000000000000000000000101000000000000000001110000000000000010100000000001110000111000111000000111000000000000000
00000000000000111000000000000000000000000000000000111000000000000000000000000111000000011100000000001010000101000000000000101000000011100000
00000000111000000000000000001110000000000011100000000000000000000000000000000101000000000000000000001111110111000000000000111000000010100000
00000000101000000000000011101010000000000010100000000000000000000000000000000111000000000000000000000001010000000011100000000000000011100000
00000000111000011100000010101110000000000011100000000000000000000000000000000000000111000000000000000001110000000010100000000000000000000000
00000000000000010100000011100000000111000111000000001110000000000000000000000000000101000000000000000011100000000011100000000000000000000000
00000011100000011100000000000000000101000101000000001010000000000000000000000000000111000000000000000010100000000000000000001110000000000000
00000010100000000000000000000000000111000111110000001110000000000000000000000000000000000000000000000011100000000000000000001010000000000000
00000011100000000000000000000000000000000001010000000000000000000000000000000000000000000000000000001110000000000000111000001111110000000000
00000000000000000000000000000000000000000001110000000000000000000000000000000000000000000000000000001010000011100000101000000001010000000000
00000000000000000000000000111000000000000000000000000000000000000000000000000000000000000000000000001110000010100000111000000001110000111000
00000000000000000000000000101000000000000000000000000000000000000000000000000000000000111000000000000000000011100000000000001110000000101000
00000000000000011100000000111110000000000000000000000000000000000000001110000000000000101000000000000000000000000000000000001010000000111000
00000000000000010100000000001010000000000000000001110000011100000000001010000011100000111000000000000000000000000000000000001110000000000000
00000000000000011100000000001110000000000000000001010000010100000000001110000010100000000000000000000000000000000001110000000000000000000000
00000000000000000000000000000000001110000000000001110000011100000000000000000011100000011100000000000000000000000001010000000000000000000000
00000000011100001110000000000000001010000000000000000000000000000000000000000000000111010100000000000000000000000001110000000000000000000000
00000000010100001010000000000000001110000000000000000000000000000000000000000000000101011100000000000000000000000000000000000000000000111000
00000000011100001110000000000000000000000000000000000000000000000000000000000000000111000000111000000001110000000000000000000000000000101000
00000000000000000000000000000000000000000000000000000000000000000000000000000000000000000000101000000001010001110000000000000000000000111000
00000000000000111000000011100000001110000111000000000000000001110001110000000000000000000000111000000001110001010000000000000000000000000000
00000000000000101000000010100000001010000101000000111000000001010001010000000000000000000000000000000000000001110000000000000000000000000000
00000000000000111000000011100000001111000111000000101000000001110001110000000000000111000000000001110000000000000000000000001110000011100000
00000000000000000000000000000000000101000000000000111001110000000000000000000000000101000000000001010000000000000000000000001010000010100000
00001110000000000000000000000000000111000000000000000001010000000000011100000000000111000000000001110000000000000000000000001110000011100000
00001010000000000000000000000000000000011100000000001111110000000000010100000000000000000000000000000000000001111110000011100000000000000000
00111110000000000000000000000000000000010100000000001010000000000000011100000000000000000000000000000000000001011010000010100000000000000000
00101000011100000000011100000111000000011100011100001110000000000111000000000000000011100000000000000000000001111110000011100000000000000000
00111000010100000000010100000101000000000000010100000011100000000101000000000000000010100000000000000000000000000000000000000000000000000000
00000000011101110111011100000111000000000000011100000010100000000111000000000000000011100000000000000000000000000000000000000000001110000000
00000111000001010101000000000000000000000000000000000011100000000000000111000000000000000000000000000000000000000000000000000000001010000000
00000101000001110111000000000000000000000000000000000000000000000000000101000000000000000000000000000000000000000001110000000000001110000000
00000111000000000000000000000000000000000000000000011100000000000000000111100000011100000000000000000000000000000001010000000000000000000000
00000000111001110000000000000000000001110000000001110100000000000000000010100000010100000000000000000000000000000001110000000000000001110000
00000000101001010000000000000000000001010000000001011100000000000000000011100000011100000000011100000000000000000000000000000000000001010000
00000000111001110000000011100011100001110000000001110000000111000000000000000000000000000000010100000000000000001110000000000000000001110000
00000000000000000000000010100010100000000000000000011100000101000000000000000000000000000000011100000000000000001010000000000000000000000000
00001110000000000000000011100011100000000000000000010100000111000000000000001110011100000000000000111000000000001110000000000000000001110000
00001010000000000000000000000000000000000111000000011100000000000000000000001010010100000000000000101000000000000000000000000000000001010000
00001110000000000000000000000000000000000101000000000001110000000000000000001110011100000000000000111000000000000000000000000000000001110000
00000000000000011100000000000000000000000111000000011101010000000000000000000000000000000000000000000000000001110000000011100000000000000000
00000000000000010100000000000000000000000000000000010101110000000000000000000000000000000000000000000000000001010111000010100000000000000000
00000000000001111100000000000000000000000000000000011100000000000011100000000000000000000000000000000000000001110101000011100000000000000000
00000000000001010000000000000000000000000000000000000000000111000010100000000000000000000000000000000000000000000111000000000000000111000000
00011100000001111100000000011100000000001110000000000000000101000011100000000000000000000000000000000000000000000111000111000000000101000000
00010100000000010100000000010100000000001010000111000000000111000000000000000000000000000000000000000001110000000101000101000000000111000000
00011100000000011100000000011100000000001110000101000000000000000111000000011100000000000000000000000001010000000111000111000000000000000000
00000000000000000000000000000000000000000000000111000000000000000101000000010100000000111000000011100001110000000000000000000000000111000000
00000000000111000000000000011100000000000000000000000000000000000111000000011100000000101000000010100000000000000000000000000000000101000000
00000000000101000000000000010100000000000001110000000000000000000000000000000000000000111000000011100000111000000000000000000000000111000000
00000000000111000000000000011100111000000001010000000000000000000000000000000000000000000000000000000000101000000000000000000000000000000000
00000000000000000000111000001110101000000001110000000000000000000000000000000000000000000000000000000000111000000000000000000000000011100000
00000000000000000000101000001010111000000000000000000000000000000001110000000000000000000000000000000000000000000001110000000000000010100000
00000000000000000000111000001110000000000011100000011100000000000001010000000000000000000000000000000000000000000001010000000000000011100000
00000000000000000000000000000000000000000010100000010100000000000001110000000000000000000000000000000000000000000001110000000000000000000000
00000000000000000000000000000000000000000011100000011100000000000000000001110000011100000000001110000000000000000000000000000000000000000000
00000000000000000000000000000000001110000000000000000000000001110000000001010000010100000000001010000000000000000000000000000011100000000000
00000000000000000000000000000000001010000000000001110000000001010000000001110000011100000000001110000000000000000000000000000010100111000000
00111001110000000000001110000000001110000000000001010000000001110000000000000000000000000000000000000000000000000000011100000011100101000000
00101001010000000000001010000000000000111000000001110000000000000000000000000000000000000000000000001110000000000000010100000000000111000000
00111001110000001110001110001110000000101000000111000000000000000000000000000000000000111000000000001010001110000000011100000000000000000000
00000000000000001010000000001010000000111000000101001110000111000000000000000000011100101000000000001110001010000000000000000000000000000000
00000000000000001110000000001110000000000000000111001010000101000000000000000000010100111000000000000000001110000000000000000000000000000000
00000000000000000000000000000000000000000000000000001110000111001110000000000000011100000000001110000000000000000000000000000000000000000000
00000011100000000000000000000000000001110000000000000000000000001010000000000000000000000000001010000000000000000000000000000000000000000000
00000010100000000000000000000000000001010000000000000000000000001110000000000000000000000000001110000111000000000000000000000000000000000000
00000011100000000000000000000000000001110000000000111000000000000000011100000000000000000000000000000101000000000000000000000000000000000000
00000000000000000000000000000000000000000000000000101000000000000000010100000000000000000000000000000111000000000000000000000000000000000000
00000000000000000000000000000000000000000000000000111000000000000000011100000000000000000000000000000000000000000000000000000000000000000000
